# nurbs mesh v.2.1
#
# 02-Dec-2021
#
2 3 5 8 0 
PATCH 1 
3 3 
6 6 
0.000000000000000   0.000000000000000   0.000000000000000   0.000000000000000   0.500000000000000   0.500000000000000   1.000000000000000   1.000000000000000   1.000000000000000   1.000000000000000   
0.000000000000000   0.000000000000000   0.000000000000000   0.000000000000000   0.500000000000000   0.500000000000000   1.000000000000000   1.000000000000000   1.000000000000000   1.000000000000000   
-2.000000000000000   -2.222222222222222   -2.453701082227536   -2.453701082227536   -2.222222222222222   -2.000000000000000   -1.555555555555556   -1.792830136989621   -2.074313615081064   -2.074313615081064   -1.792830136989621   -1.555555555555556   -0.843731811253360   -0.984353779795587   -1.219052005864282   -1.219052005864282   -0.984353779795587   -0.843731811253360   0.843731811253360   0.984353779795587   1.219052005864282   1.219052005864282   0.984353779795587   0.843731811253360   1.555555555555556   1.792830136989621   2.074313615081064   2.074313615081064   1.792830136989621   1.555555555555556   2.000000000000000   2.222222222222222   2.453701082227536   2.453701082227536   2.222222222222222   2.000000000000000   
-2.000000000000000   -2.222222222222222   -2.453701082227536   -2.453701082227536   -2.222222222222222   -2.000000000000000   -2.222222222222222   -2.497295067451282   -2.833088549374007   -2.833088549374007   -2.497295067451282   -2.222222222222222   -2.453701082227536   -2.833088549374007   -3.466396953773710   -3.466396953773710   -2.833088549374007   -2.453701082227536   -2.453701082227536   -2.833088549374007   -3.466396953773710   -3.466396953773710   -2.833088549374007   -2.453701082227536   -2.222222222222222   -2.497295067451282   -2.833088549374007   -2.833088549374007   -2.497295067451282   -2.222222222222222   -2.000000000000000   -2.222222222222222   -2.453701082227536   -2.453701082227536   -2.222222222222222   -2.000000000000000   
-2.000000000000000   -1.555555555555556   -0.843731811253360   0.843731811253360   1.555555555555556   2.000000000000000   -2.222222222222222   -1.792830136989621   -0.984353779795587   0.984353779795587   1.792830136989621   2.222222222222222   -2.453701082227536   -2.074313615081064   -1.219052005864282   1.219052005864282   2.074313615081064   2.453701082227536   -2.453701082227536   -2.074313615081064   -1.219052005864282   1.219052005864282   2.074313615081064   2.453701082227536   -2.222222222222222   -1.792830136989621   -0.984353779795587   0.984353779795587   1.792830136989621   2.222222222222222   -2.000000000000000   -1.555555555555556   -0.843731811253360   0.843731811253360   1.555555555555556   2.000000000000000   
1.000000000000000   1.000000000000000   1.000000000000000   1.000000000000000   1.000000000000000   1.000000000000000   1.000000000000000   1.000000000000000   1.000000000000000   1.000000000000000   1.000000000000000   1.000000000000000   1.000000000000000   1.000000000000000   1.000000000000000   1.000000000000000   1.000000000000000   1.000000000000000   1.000000000000000   1.000000000000000   1.000000000000000   1.000000000000000   1.000000000000000   1.000000000000000   1.000000000000000   1.000000000000000   1.000000000000000   1.000000000000000   1.000000000000000   1.000000000000000   1.000000000000000   1.000000000000000   1.000000000000000   1.000000000000000   1.000000000000000   1.000000000000000   
PATCH 2 
3 3 
6 6 
0.000000000000000   0.000000000000000   0.000000000000000   0.000000000000000   0.500000000000000   0.500000000000000   1.000000000000000   1.000000000000000   1.000000000000000   1.000000000000000   
0.000000000000000   0.000000000000000   0.000000000000000   0.000000000000000   0.500000000000000   0.500000000000000   1.000000000000000   1.000000000000000   1.000000000000000   1.000000000000000   
-2.000000000000000   -2.222222222222222   -2.453701082227536   -2.453701082227536   -2.222222222222222   -2.000000000000000   -1.555555555555556   -1.792830136989621   -2.074313615081064   -2.074313615081064   -1.792830136989621   -1.555555555555556   -0.843731811253360   -0.984353779795587   -1.219052005864282   -1.219052005864282   -0.984353779795587   -0.843731811253360   0.843731811253360   0.984353779795587   1.219052005864282   1.219052005864282   0.984353779795587   0.843731811253360   1.555555555555556   1.792830136989621   2.074313615081064   2.074313615081064   1.792830136989621   1.555555555555556   2.000000000000000   2.222222222222222   2.453701082227536   2.453701082227536   2.222222222222222   2.000000000000000   
-2.000000000000000   -1.555555555555556   -0.843731811253360   0.843731811253360   1.555555555555556   2.000000000000000   -2.222222222222222   -1.792830136989621   -0.984353779795587   0.984353779795587   1.792830136989621   2.222222222222222   -2.453701082227536   -2.074313615081064   -1.219052005864282   1.219052005864282   2.074313615081064   2.453701082227536   -2.453701082227536   -2.074313615081064   -1.219052005864282   1.219052005864282   2.074313615081064   2.453701082227536   -2.222222222222222   -1.792830136989621   -0.984353779795587   0.984353779795587   1.792830136989621   2.222222222222222   -2.000000000000000   -1.555555555555556   -0.843731811253360   0.843731811253360   1.555555555555556   2.000000000000000   
2.000000000000000   2.222222222222222   2.453701082227536   2.453701082227536   2.222222222222222   2.000000000000000   2.222222222222222   2.497295067451282   2.833088549374007   2.833088549374007   2.497295067451282   2.222222222222222   2.453701082227536   2.833088549374007   3.466396953773710   3.466396953773710   2.833088549374007   2.453701082227536   2.453701082227536   2.833088549374007   3.466396953773710   3.466396953773710   2.833088549374007   2.453701082227536   2.222222222222222   2.497295067451282   2.833088549374007   2.833088549374007   2.497295067451282   2.222222222222222   2.000000000000000   2.222222222222222   2.453701082227536   2.453701082227536   2.222222222222222   2.000000000000000   
1.000000000000000   1.000000000000000   1.000000000000000   1.000000000000000   1.000000000000000   1.000000000000000   1.000000000000000   1.000000000000000   1.000000000000000   1.000000000000000   1.000000000000000   1.000000000000000   1.000000000000000   1.000000000000000   1.000000000000000   1.000000000000000   1.000000000000000   1.000000000000000   1.000000000000000   1.000000000000000   1.000000000000000   1.000000000000000   1.000000000000000   1.000000000000000   1.000000000000000   1.000000000000000   1.000000000000000   1.000000000000000   1.000000000000000   1.000000000000000   1.000000000000000   1.000000000000000   1.000000000000000   1.000000000000000   1.000000000000000   1.000000000000000   
PATCH 3 
3 3 
6 6 
0.000000000000000   0.000000000000000   0.000000000000000   0.000000000000000   0.500000000000000   0.500000000000000   1.000000000000000   1.000000000000000   1.000000000000000   1.000000000000000   
0.000000000000000   0.000000000000000   0.000000000000000   0.000000000000000   0.500000000000000   0.500000000000000   1.000000000000000   1.000000000000000   1.000000000000000   1.000000000000000   
-2.000000000000000   -2.222222222222222   -2.453701082227536   -2.453701082227536   -2.222222222222222   -2.000000000000000   -1.555555555555556   -1.792830136989621   -2.074313615081064   -2.074313615081064   -1.792830136989621   -1.555555555555556   -0.843731811253360   -0.984353779795587   -1.219052005864282   -1.219052005864282   -0.984353779795587   -0.843731811253360   0.843731811253360   0.984353779795587   1.219052005864282   1.219052005864282   0.984353779795587   0.843731811253360   1.555555555555556   1.792830136989621   2.074313615081064   2.074313615081064   1.792830136989621   1.555555555555556   2.000000000000000   2.222222222222222   2.453701082227536   2.453701082227536   2.222222222222222   2.000000000000000   
2.000000000000000   2.222222222222222   2.453701082227536   2.453701082227536   2.222222222222222   2.000000000000000   2.222222222222222   2.497295067451282   2.833088549374007   2.833088549374007   2.497295067451282   2.222222222222222   2.453701082227536   2.833088549374007   3.466396953773710   3.466396953773710   2.833088549374007   2.453701082227536   2.453701082227536   2.833088549374007   3.466396953773710   3.466396953773710   2.833088549374007   2.453701082227536   2.222222222222222   2.497295067451282   2.833088549374007   2.833088549374007   2.497295067451282   2.222222222222222   2.000000000000000   2.222222222222222   2.453701082227536   2.453701082227536   2.222222222222222   2.000000000000000   
2.000000000000000   1.555555555555556   0.843731811253360   -0.843731811253360   -1.555555555555556   -2.000000000000000   2.222222222222222   1.792830136989621   0.984353779795587   -0.984353779795587   -1.792830136989621   -2.222222222222222   2.453701082227536   2.074313615081064   1.219052005864282   -1.219052005864282   -2.074313615081064   -2.453701082227536   2.453701082227536   2.074313615081064   1.219052005864282   -1.219052005864282   -2.074313615081064   -2.453701082227536   2.222222222222222   1.792830136989621   0.984353779795587   -0.984353779795587   -1.792830136989621   -2.222222222222222   2.000000000000000   1.555555555555556   0.843731811253360   -0.843731811253360   -1.555555555555556   -2.000000000000000   
1.000000000000000   1.000000000000000   1.000000000000000   1.000000000000000   1.000000000000000   1.000000000000000   1.000000000000000   1.000000000000000   1.000000000000000   1.000000000000000   1.000000000000000   1.000000000000000   1.000000000000000   1.000000000000000   1.000000000000000   1.000000000000000   1.000000000000000   1.000000000000000   1.000000000000000   1.000000000000000   1.000000000000000   1.000000000000000   1.000000000000000   1.000000000000000   1.000000000000000   1.000000000000000   1.000000000000000   1.000000000000000   1.000000000000000   1.000000000000000   1.000000000000000   1.000000000000000   1.000000000000000   1.000000000000000   1.000000000000000   1.000000000000000   
PATCH 4 
3 3 
6 6 
0.000000000000000   0.000000000000000   0.000000000000000   0.000000000000000   0.500000000000000   0.500000000000000   1.000000000000000   1.000000000000000   1.000000000000000   1.000000000000000   
0.000000000000000   0.000000000000000   0.000000000000000   0.000000000000000   0.500000000000000   0.500000000000000   1.000000000000000   1.000000000000000   1.000000000000000   1.000000000000000   
-2.000000000000000   -2.222222222222222   -2.453701082227536   -2.453701082227536   -2.222222222222222   -2.000000000000000   -1.555555555555556   -1.792830136989621   -2.074313615081064   -2.074313615081064   -1.792830136989621   -1.555555555555556   -0.843731811253360   -0.984353779795587   -1.219052005864282   -1.219052005864282   -0.984353779795587   -0.843731811253360   0.843731811253360   0.984353779795587   1.219052005864282   1.219052005864282   0.984353779795587   0.843731811253360   1.555555555555556   1.792830136989621   2.074313615081064   2.074313615081064   1.792830136989621   1.555555555555556   2.000000000000000   2.222222222222222   2.453701082227536   2.453701082227536   2.222222222222222   2.000000000000000   
2.000000000000000   1.555555555555556   0.843731811253360   -0.843731811253360   -1.555555555555556   -2.000000000000000   2.222222222222222   1.792830136989621   0.984353779795587   -0.984353779795587   -1.792830136989621   -2.222222222222222   2.453701082227536   2.074313615081064   1.219052005864282   -1.219052005864282   -2.074313615081064   -2.453701082227536   2.453701082227536   2.074313615081064   1.219052005864282   -1.219052005864282   -2.074313615081064   -2.453701082227536   2.222222222222222   1.792830136989621   0.984353779795587   -0.984353779795587   -1.792830136989621   -2.222222222222222   2.000000000000000   1.555555555555556   0.843731811253360   -0.843731811253360   -1.555555555555556   -2.000000000000000   
-2.000000000000000   -2.222222222222222   -2.453701082227536   -2.453701082227536   -2.222222222222222   -2.000000000000000   -2.222222222222222   -2.497295067451282   -2.833088549374007   -2.833088549374007   -2.497295067451282   -2.222222222222222   -2.453701082227536   -2.833088549374007   -3.466396953773710   -3.466396953773710   -2.833088549374007   -2.453701082227536   -2.453701082227536   -2.833088549374007   -3.466396953773710   -3.466396953773710   -2.833088549374007   -2.453701082227536   -2.222222222222222   -2.497295067451282   -2.833088549374007   -2.833088549374007   -2.497295067451282   -2.222222222222222   -2.000000000000000   -2.222222222222222   -2.453701082227536   -2.453701082227536   -2.222222222222222   -2.000000000000000   
1.000000000000000   1.000000000000000   1.000000000000000   1.000000000000000   1.000000000000000   1.000000000000000   1.000000000000000   1.000000000000000   1.000000000000000   1.000000000000000   1.000000000000000   1.000000000000000   1.000000000000000   1.000000000000000   1.000000000000000   1.000000000000000   1.000000000000000   1.000000000000000   1.000000000000000   1.000000000000000   1.000000000000000   1.000000000000000   1.000000000000000   1.000000000000000   1.000000000000000   1.000000000000000   1.000000000000000   1.000000000000000   1.000000000000000   1.000000000000000   1.000000000000000   1.000000000000000   1.000000000000000   1.000000000000000   1.000000000000000   1.000000000000000   
PATCH 5 
3 3 
6 6 
0.000000000000000   0.000000000000000   0.000000000000000   0.000000000000000   0.500000000000000   0.500000000000000   1.000000000000000   1.000000000000000   1.000000000000000   1.000000000000000   
0.000000000000000   0.000000000000000   0.000000000000000   0.000000000000000   0.500000000000000   0.500000000000000   1.000000000000000   1.000000000000000   1.000000000000000   1.000000000000000   
-2.000000000000000   -2.222222222222222   -2.453701082227536   -2.453701082227536   -2.222222222222222   -2.000000000000000   -2.222222222222222   -2.497295067451282   -2.833088549374007   -2.833088549374007   -2.497295067451282   -2.222222222222222   -2.453701082227536   -2.833088549374007   -3.466396953773710   -3.466396953773710   -2.833088549374007   -2.453701082227536   -2.453701082227536   -2.833088549374007   -3.466396953773710   -3.466396953773710   -2.833088549374007   -2.453701082227536   -2.222222222222222   -2.497295067451282   -2.833088549374007   -2.833088549374007   -2.497295067451282   -2.222222222222222   -2.000000000000000   -2.222222222222222   -2.453701082227536   -2.453701082227536   -2.222222222222222   -2.000000000000000   
2.000000000000000   2.222222222222222   2.453701082227536   2.453701082227536   2.222222222222222   2.000000000000000   1.555555555555556   1.792830136989621   2.074313615081064   2.074313615081064   1.792830136989621   1.555555555555556   0.843731811253360   0.984353779795587   1.219052005864282   1.219052005864282   0.984353779795587   0.843731811253360   -0.843731811253360   -0.984353779795587   -1.219052005864282   -1.219052005864282   -0.984353779795587   -0.843731811253360   -1.555555555555556   -1.792830136989621   -2.074313615081064   -2.074313615081064   -1.792830136989621   -1.555555555555556   -2.000000000000000   -2.222222222222222   -2.453701082227536   -2.453701082227536   -2.222222222222222   -2.000000000000000   
-2.000000000000000   -1.555555555555556   -0.843731811253360   0.843731811253360   1.555555555555556   2.000000000000000   -2.222222222222222   -1.792830136989621   -0.984353779795587   0.984353779795587   1.792830136989621   2.222222222222222   -2.453701082227536   -2.074313615081064   -1.219052005864282   1.219052005864282   2.074313615081064   2.453701082227536   -2.453701082227536   -2.074313615081064   -1.219052005864282   1.219052005864282   2.074313615081064   2.453701082227536   -2.222222222222222   -1.792830136989621   -0.984353779795587   0.984353779795587   1.792830136989621   2.222222222222222   -2.000000000000000   -1.555555555555556   -0.843731811253360   0.843731811253360   1.555555555555556   2.000000000000000   
1.000000000000000   1.000000000000000   1.000000000000000   1.000000000000000   1.000000000000000   1.000000000000000   1.000000000000000   1.000000000000000   1.000000000000000   1.000000000000000   1.000000000000000   1.000000000000000   1.000000000000000   1.000000000000000   1.000000000000000   1.000000000000000   1.000000000000000   1.000000000000000   1.000000000000000   1.000000000000000   1.000000000000000   1.000000000000000   1.000000000000000   1.000000000000000   1.000000000000000   1.000000000000000   1.000000000000000   1.000000000000000   1.000000000000000   1.000000000000000   1.000000000000000   1.000000000000000   1.000000000000000   1.000000000000000   1.000000000000000   1.000000000000000   
INTERFACE 1 
1 1 
4 2 
1 
INTERFACE 2 
1 2 
2 1 
1 
INTERFACE 3 
1 3 
5 4 
1 
INTERFACE 4 
2 2 
3 1 
1 
INTERFACE 5 
2 3 
5 2 
-1 
INTERFACE 6 
3 2 
4 1 
1 
INTERFACE 7 
3 3 
5 3 
-1 
INTERFACE 8 
4 3 
5 1 
1 
BOUNDARY 1 
1 
1 4 
BOUNDARY 2 
1 
2 4 
BOUNDARY 3 
1 
3 4 
BOUNDARY 4 
1 
4 4 
